schema: boblib.vehicle.v1
vehicle:
  name: DWBCStabar_DWBCStabar
  version: 0.1.0
architecture:
  front: bellcrank_stabar
  rear: bellcrank_stabar
paths:
  boblib: _0_Utils/external/BobLib
  tire_templates: _0_Utils/tire_templates
sprung_mass:
  mass_kg: 200
  cg_m: [-0.7747, 0, 0.2794]
  inertia_kg_m2:
    - [30, 1, 1]
    - [1, 40, 1]
    - [1, 1, 50]
front:
  wheel:
    radius_m: 0.2045
    rim_radius_ratio: 0.625
    rim_width_ratio: 1.4
    toe_deg: 0
    camber_deg: 0
  tire:
    wheel_inertia_kg_m2: 0.02
    vertical_stiffness_n_per_m: 100000
    vertical_damping_n_s_per_m: 100
    template: 16x7p5_10_12psi
  suspension:
    upper_fore_i_m: [0.1016, 0.237744, 0.2143252]
    upper_aft_i_m: [-0.0680974, 0.2356358, 0.215138]
    lower_fore_i_m: [0.1016, 0.226314, 0.08001]
    lower_aft_i_m: [-0.0762, 0.226314, 0.08001]
    upper_o_m: [-0.0092964, 0.5420106, 0.2679954]
    lower_o_m: [0.0029972, 0.562991, 0.1139952]
    tie_o_m: [0.0569976, 0.546989, 0.1522222]
    wheel_center_m: [0, 0.606110767456, 0.199898]
  steering:
    rack_pickup_m: [0.05715, 0.2260092, 0.1137158]
    rack_travel_per_rev_m: 0.0889
  actuation:
    rod_to: lower
    rod_mount_m: [0.006762552642, 0.525610676234, 0.134465050856]
    shock:
      mount_m: [-0.020673469702, 0.247847085458, 0.561456926868]
      spring_rate_n_per_m: 26269.02525
      free_length_m: 0.2
      damper_rate_n_s_per_m: 850
    bellcrank:
      pivot_m: [-0.042144464098, 0.250754351932, 0.370010000136]
      axis: [0.95754655, -0.26587315, -0.11142744]
      pickups_m:
        rod: [-0.014493326106, 0.348410770284, 0.374614186762]
        shock: [-0.01102742905, 0.34553503283, 0.411259910778]
        stabar: [-0.029010173628, 0.2971411507, 0.37219698865]
      order: [stabar, rod, shock]
    stabar:
      arm_end_m: [-0.03682914, 0.2667, 0.11597939]
      bar_end_m: [-0.10664664, 0.2667, 0.11811]
      rate_n_m_per_rad: 1
  masses:
    unsprung:
      mass_kg: 7.8160579
      cg_m: [-0.0061298, 0.60174377, 0.19797979]
      inertia_kg_m2:
        - [0.10580066, 0.00038293, 0.00058877]
        - [0.00038293, 0.16064008, -0.00075416]
        - [0.00058877, -0.00075416, 0.10801766]
    upper_control_arm:
      mass_kg: 0.55776965
      cg_m: [-0.00187916, 0.45854113, 0.25343195]
      inertia_kg_m2:
        - [0.00700626, -0.00058434, -0.0001073]
        - [-0.00058434, 0.0011635, 0.00116272]
        - [-0.0001073, 0.00116272, 0.00762498]
    lower_control_arm:
      mass_kg: 0.5182905
      cg_m: [0.00803455, 0.40581792, 0.09882118]
      inertia_kg_m2:
        - [0.00649759, -0.00017572, -1.824e-05]
        - [-0.00017572, 0.00145437, 0.00068888]
        - [-1.824e-05, 0.00068888, 0.00776251]
    tie_rod:
      mass_kg: 0.13459415
      cg_m: [0.05709287, 0.34616483, 0.1281302]
      inertia_kg_m2:
        - [0.00178949, -8.3e-07, -1e-07]
        - [-8.3e-07, 2.994e-05, 0.00021109]
        - [-1e-07, 0.000211, 0.001764]
rear:
  wheel:
    radius_m: 0.2045
    rim_radius_ratio: 0.625
    rim_width_ratio: 1.4
    toe_deg: 0
    camber_deg: 0
  tire:
    wheel_inertia_kg_m2: 0.02
    vertical_stiffness_n_per_m: 98947
    vertical_damping_n_s_per_m: 115.844
    template: 16x7p5_10_12psi
  suspension:
    upper_fore_i_m: [-1.279144, 0.2972308, 0.2482342]
    upper_aft_i_m: [-1.4993874, 0.283845, 0.2434336]
    lower_fore_i_m: [-1.3142214, 0.283464, 0.086868]
    lower_aft_i_m: [-1.4998192, 0.2835148, 0.0872236]
    upper_o_m: [-1.5540736, 0.5267706, 0.29464]
    lower_o_m: [-1.55448, 0.57658, 0.116078]
    tie_o_m: [-1.45796, 0.5823966, 0.2143506]
    wheel_center_m: [-1.5494, 0.60611077, 0.199898]
  steering:
    rack_pickup_m: [-1.3763498, 0.2897124, 0.1700022]
    rack_travel_per_rev_m: 0.0889
  actuation:
    rod_to: upper
    rod_mount_m: [-1.53509479, 0.50330883, 0.26648017]
    shock:
      mount_m: [-1.50192144, 0.28884688, 0.36889916]
      spring_rate_n_per_m: 43781.70875
      free_length_m: 0.265
      damper_rate_n_s_per_m: 1300
    bellcrank:
      pivot_m: [-1.39886851, 0.29230126, 0.1016]
      axis: [0.887962410598, 0.302708516859, 0.346251803151]
      pickups_m:
        rod: [-1.41267566, 0.35197317, 0.08484064]
        shock: [-1.43801295, 0.36137285, 0.14160048]
        stabar: [-1.41346984, 0.31057564, 0.12306883]
      order: [rod, shock, stabar]
    stabar:
      arm_end_m: [-1.43001283, 0.3032125, 0.4054766]
      bar_end_m: [-1.3925183, 0.3032125, 0.41224196]
      rate_n_m_per_rad: 1
  masses:
    unsprung:
      mass_kg: 7.35802418
      cg_m: [-1.54948701, 0.60559861, 0.20104023]
      inertia_kg_m2:
        - [0.10429603, 8.706e-05, 4.516e-05]
        - [8.706e-05, 0.15655532, -0.00147057]
        - [4.516e-05, -0.00147057, 0.10327132]
    upper_control_arm:
      mass_kg: 0.34927896
      cg_m: [-1.47556121, 0.42263392, 0.27196898]
      inertia_kg_m2:
        - [0.00248293, -0.00169357, -0.00031129]
        - [-0.00169357, 0.00276385, 0.00045612]
        - [-0.00031129, 0.00045612, 0.00504556]
    lower_control_arm:
      mass_kg: 0.46311564
      cg_m: [-1.47625848, 0.4301135, 0.10156115]
      inertia_kg_m2:
        - [0.00434917, -0.00226155, -0.0002268]
        - [-0.00226155, 0.00268231, 0.00042397]
        - [-0.0002268, 0.00042397, 0.0069183]
    tie_rod:
      mass_kg: 0.13293714
      cg_m: [-1.40704567, 0.39979876, 0.18668273]
      inertia_kg_m2:
        - [0.00146339, -0.00039766, -6.025e-05]
        - [-0.00039766, 0.00014812, 0.0002161]
        - [-6.025e-05, 0.0002161, 0.00154153]
aero:
  reference_speed_m_per_s: 15.0
  front_ride_height_grid_m: [0.03556, 0.05334, 0.07112, 0.0889, 0.10668]
  rear_ride_height_grid_m: [0.04191, 0.0635, 0.08382, 0.10414, 0.12573]
  drag_table_n:
    - [80.7986, 80.9749, 81.8435, 79.6167, 77.250725]
    - [82.2735, 82.36745, 86.1779, 86.0919, 85.1031]
    - [79.6194, 83.76, 86.2301, 88.2285, 90.0656]
    - [78.1912, 81.1352, 84.552, 87.3099, 89.4312]
    - [77.8347, 78.5104, 82.8739, 86.3913, 87.4556]
  downforce_table_n:
    - [161.7379, 153.1401, 132.6786, 107.9693, 81.71566875]
    - [147.2059, 150.60985, 170.7603, 165.86, 150.6537]
    - [131.9303, 148.0796, 159.8995, 169.7841, 175.6373]
    - [119.2166, 130.7024, 143.2776, 152.8575, 166.1884]
    - [109.7918, 113.3252, 126.6557, 135.9309, 152.0952]
  mx_table_nm:
    - [67.3388, 64.4234, 59.0409, 52.4527, 45.4527375]
    - [62.1824, 63.3701, 70.297, 70.1172, 64.5983]
    - [56.6292, 62.3168, 66.4454, 70.5332, 72.301]
    - [52.7975, 57.1988, 61.9635, 65.7843, 70.1818]
    - [49.1021, 52.0808, 57.4816, 61.0354, 65.61]
  my_table_nm:
    - [-251.2587, -259.5945, -271.8122, -274.5288, -277.4151875]
    - [-230.6561, -250.1893, -268.0828, -271.5582, -278.5465]
    - [-216.6613, -240.7841, -256.2496, -268.5392, -276.6542]
    - [-202.8485, -217.5691, -235.5897, -246.9616, -264.2709]
    - [-193.9678, -194.3541, -214.9298, -225.384, -249.1606]
  mz_table_nm:
    - [30.5855, 35.2995, 36.4593, 39.6766, 43.09498125]
    - [20.2251, 27.17715, 26.6943, 38.6983, 38.7101]
    - [19.6735, 19.0548, 20.2878, 24.1933, 25.0432]
    - [19.6157, 21.212, 21.7999, 24.0418, 22.7023]
    - [19.0574, 23.3692, 23.312, 23.8903, 20.9816]

defaults:
  tire_template: 16x7p5_10_12psi
